10
14.7504 12.5384 10.3364 14.7424 5.9324 3.5304 1.2884 -0.9536 -3.1956 14.7424
12.5384 21.3564 8.1344 12.5404 3.7304 1.3284 -0.9136 -3.1556 -5.3976 12.5404 
10.3364 8.1344 27.9624 10.3384 1.5284 -0.8736 -3.1156 -5.3576 -7.5996 10.3384 
14.7424 12.5404 10.3384 14.7444 5.9344 3.5324 1.2904 -0.9516 -3.1936 14.7444 
5.9324 3.7304 1.5284 5.9344 41.1744 -5.2776 -7.5196 -9.7616 -12.0036 5.9344 
3.5304 1.3284 -0.8736 3.5324 -5.2776 48.3804 -9.9216 -12.1636 -14.4056 3.5324 
1.2884 -0.9136 -3.1156 1.2904 -7.5196 -9.9216 55.1064 -14.4056 -16.6476 1.2904 
-0.9536 -3.1556 -5.3576 -0.9516 -9.7616 -12.1636 -14.4056 61.8324 -18.8896 -0.9516 
-3.1956 -5.3976 -7.5996 -3.1936 -12.0036 -14.4056 -16.6476 -18.8896 68.5584 -3.1936 
14.7424 12.5404 10.3384 14.7444 5.9344 3.5324 1.2904 -0.9516 -3.1936 14.7444
1 1 1 1 1 1 1 1 1 1