10
1427.53 1403.28 1330.53 1209.28 1039.54 799.078 522.563 195.774 -181.29 -608.629 
1403.28 1500.29 1306.28 1185.03 1015.29 774.825 498.311 171.521 -205.543 -632.882 
1330.53 1306.28 1718.54 1112.28 942.538 702.076 425.561 98.7715 -278.293 -705.631 
1209.28 1185.03 1112.28 2082.28 821.292 580.829 304.314 -22.4751 -399.539 -826.878 
1039.54 1015.29 942.538 821.292 2591.51 411.086 134.571 -192.218 -569.282 -996.621 
799.078 774.825 702.076 580.829 411.086 3312.9 -105.892 -432.681 -809.745 -1237.08 
522.563 498.311 425.561 304.314 134.571 -105.892 4142.44 -709.196 -1086.26 -1513.6 
195.774 171.521 98.7715 -22.4751 -192.218 -432.681 -709.196 5122.81 -1413.05 -1840.39 
-181.29 -205.543 -278.293 -399.539 -569.282 -809.745 -1086.26 -1413.05 6254. -2217.45 
-608.629 -632.882 -705.631 -826.878 -996.621 -1237.08 -1513.6 -1840.39 -2217.45 7536.02 
100.5 89.489 78.478 67.467 56.456 44.445 33.234 22.023 10.812 -0.399